100 100 10 200 2 10000
1 78 82 64 2817 3065
77 80 30 43 1735 1910
38 84 48 43 5109 5232
36 84 76 85 1205 1301
32 42 25 1 6822 6939
88 93 41 78 5622 5749
22 12 29 60 3282 3420
41 54 7 39 1298 1419
80 9 74 87 8869 9041
27 3 77 98 6706 7099
51 29 54 61 2465 2552
31 31 79 32 6649 6769
44 90 23 67 9662 9760
17 14 88 32 5882 6070
55 4 12 95 787 1171
9 31 81 45 3231 3434
96 7 30 70 8947 9250
73 73 12 41 6445 6684
92 65 6 32 9750 10000
26 24 59 25 1107 1200
50 8 42 48 2391 2491
40 20 23 23 1950 2007
60 7 44 1 3252 3303
22 10 47 55 2740 2943
59 8 12 1 1535 1671
21 24 7 4 885 966
79 61 82 80 9506 9563
52 38 80 38 1962 2032
66 27 12 27 6474 6593
2 15 29 13 585 659
45 54 78 73 3204 3310
73 47 9 11 1416 1702
12 10 40 93 95 400
53 47 4 12 3430 3632
83 90 85 53 8701 8794
81 53 71 57 4776 4807
17 77 54 22 4130 4403
1 48 4 65 5508 5557
68 71 21 81 9257 9410
74 6 53 90 5871 6143
11 86 74 20 9151 9533
62 91 75 24 9400 9589
2 39 77 53 660 897
20 69 50 37 3776 3945
10 79 27 58 9247 9347
37 10 25 2 1398 1452
1 92 65 65 6397 6630
46 12 77 99 459 787
62 86 15 60 7238 7453
22 21 30 7 3140 3186
82 82 57 20 2561 2820
87 46 45 88 2917 3090
1 6 9 95 5437 5647
86 81 80 14 2487 2665
17 24 98 20 2389 2580
80 0 43 43 7765 7935
67 19 85 86 6547 6788
31 24 33 2 6427 6483
80 37 7 52 453 690
27 38 64 73 4534 4691
66 21 4 96 3260 3670
15 22 2 51 6912 7008
13 69 17 31 7493 7615
59 50 69 17 2016 2116
73 49 21 19 948 1146
44 61 3 81 931 1078
85 82 83 72 9463 9498
67 39 81 28 9217 9276
36 72 49 10 5010 5204
81 29 92 46 9506 9583
20 96 18 70 370 433
82 50 24 95 5636 5938
1 49 27 36 3617 3706
95 49 83 17 5753 5860
93 35 58 62 6697 6877
89 11 69 11 9117 9158
77 70 83 47 6710 6794
43 34 10 37 9738 9845
47 30 37 31 9925 9951
10 40 93 0 6826 7170
8 0 87 77 9277 9596
14 0 98 95 7668 8181
41 24 63 29 4494 4552
38 99 73 42 3263 3495
5 39 13 52 4426 4468
62 3 30 63 8933 9134
3 49 56 99 7659 7962
39 50 34 23 1277 1372
74 23 78 13 5454 5485
0 65 16 17 2440 2614
21 26 28 39 8499 8556
39 99 72 60 8636 8796
30 77 1 69 3513 3605
77 82 31 43 3381 3618
31 97 62 75 6582 6701
72 84 9 77 8120 8265
4 84 4 76 7222 7244
33 60 31 69 5068 5091
96 65 10 38 1785 2102
92 85 5 16 6400 6784
18 39 26 69 6070 6177
71 98 50 89 1670 1756
91 26 94 39 3216 3256
42 9 98 70 5677 5920
83 27 24 4 2996 3219
54 26 0 34 3441 3565
47 51 49 46 1750 1769
64 66 12 44 3852 4003
36 62 47 9 2187 2327
7 29 4 57 8569 8649
11 86 77 95 1806 1983
97 57 12 10 4251 4635
6 32 2 48 7085 7141
24 54 62 89 3322 3491
63 41 2 66 6717 6957
12 78 20 1 8718 8898
51 23 56 16 2323 2349
32 49 18 16 5885 5979
16 80 15 50 53 142
74 12 74 99 1440 1657
30 75 91 65 6991 7185
29 74 70 42 5622 5802
41 16 39 62 2889 3002
79 0 32 92 1769 2167
32 86 31 69 7695 7733
85 35 1 61 1885 2129
49 69 58 83 9540 9607
7 2 97 45 9027 9317
60 42 33 86 2954 3167
44 19 47 82 9909 10000
81 11 21 89 3666 3982
24 66 25 84 2401 2448
98 52 86 41 7127 7183
72 25 38 93 1760 2050
47 86 76 3 2822 3126
2 31 55 78 693 909
88 30 83 80 3719 3862
13 43 81 78 9308 9607
20 2 39 67 6264 6458
37 60 98 43 2162 2333
57 6 22 16 5093 5189
38 9 52 4 4993 5050
78 56 18 97 7890 8190
74 27 39 90 8905 9102
51 31 78 99 3163 3412
90 9 78 15 8016 8070
11 55 52 54 7717 7818
85 64 59 32 6578 6752
58 19 2 88 4655 4973
99 33 99 66 4627 4711
79 18 24 65 8047 8317
9 10 16 62 4353 4476
57 72 48 77 6462 6491
53 41 77 28 3103 3197
29 24 64 56 414 567
51 12 31 0 9339 9406
91 48 29 61 4474 4656
64 35 71 95 5426 5615
13 46 67 77 2776 3015
43 67 4 10 3057 3270
92 68 21 46 1896 2109
46 86 11 44 5029 5224
59 35 13 7 173 357
76 19 32 58 6393 6629
87 32 0 90 9433 9741
24 4 70 86 8100 8369
30 26 79 8 8086 8248
23 93 53 57 1458 1606
86 90 79 17 4432 4612
88 42 99 81 899 1016
47 49 75 24 8288 8441
29 87 66 81 5851 5952
65 4 74 99 4131 4370
71 65 59 89 434 541
2 69 27 45 8561 8705
78 28 32 16 1394 1514
12 85 37 13 1967 2187
41 26 34 2 9861 9933
72 61 15 82 9845 10000
24 57 38 26 5689 5799
29 50 46 85 7165 7272
36 22 65 60 1636 1797
12 24 10 54 4550 4629
69 58 66 2 8961 9102
16 45 3 62 5386 5453
90 48 15 41 7533 7712
39 88 9 87 930 1018
46 35 22 2 7379 7508
18 36 9 47 6006 6053
72 83 11 32 6431 6706
16 32 9 5 5262 5343
49 94 77 36 8450 8660
27 14 87 22 6962 7119
75 45 15 44 1882 2043
23 96 98 35 5239 5641
86 17 47 61 6810 7044
98 80 97 80 8051 8053
18 86 81 13 7063 7460
13 1 91 21 7820 8020
75 47 83 3 4651 4766
