100 100 100 500 25 100
0 2 16 3 2 19
19 23 21 39 60 79
17 17 19 1 60 79
13 46 27 50 80 99
13 2 19 14 40 59
0 1 0 19 1 19
22 32 29 43 60 79
12 27 24 21 40 59
12 8 12 26 20 39
28 9 45 8 40 59
0 1 1 18 1 19
23 23 40 24 60 79
20 17 32 11 40 59
2 31 6 45 80 99
28 17 18 25 80 99
19 11 16 25 81 99
0 1 16 3 1 19
3 17 16 12 20 39
40 17 52 11 80 99
10 45 13 30 80 99
17 1 9 11 20 39
30 26 26 40 60 79
0 1 14 5 1 19
12 8 0 14 20 39
4 14 21 13 20 39
0 1 5 14 1 19
26 26 35 35 60 79
0 1 9 10 1 19
13 23 22 31 81 99
16 19 32 17 80 99
10 17 2 26 61 79
19 13 18 30 60 79
0 1 0 19 1 19
43 30 28 27 80 99
7 8 19 2 40 59
12 4 23 11 60 79
2 1 18 3 40 59
38 21 24 25 80 99
18 2 16 18 60 79
15 24 20 11 40 59
17 14 0 15 80 99
0 1 12 7 1 19
14 6 25 13 20 39
16 4 31 1 20 39
20 9 17 24 40 59
0 1 2 17 1 19
2 18 18 16 20 39
8 27 25 28 40 59
55 16 50 3 80 99
12 21 22 29 40 59
0 1 2 17 1 19
18 21 28 13 40 59
21 28 27 16 80 99
5 13 20 10 20 39
21 12 12 3 40 59
0 1 8 11 1 19
29 42 38 33 80 99
8 9 11 24 40 59
25 29 25 47 60 79
0 1 6 13 1 19
0 1 14 5 1 19
8 12 3 25 60 79
0 1 10 9 1 19
16 2 26 10 20 39
32 3 31 20 80 99
27 28 27 10 80 99
15 1 0 3 41 59
11 4 17 16 40 59
39 17 49 9 60 79
34 16 23 9 60 79
40 15 52 21 80 99
24 7 15 16 40 59
9 28 6 43 40 59
10 23 25 26 40 59
20 38 32 33 81 99
14 25 26 31 40 59
0 1 9 10 1 19
2 25 6 11 80 99
5 40 16 33 80 99
0 1 4 15 1 19
0 1 7 12 1 19
23 22 16 33 80 99
13 6 14 23 40 59
18 37 25 48 80 99
12 23 21 32 40 59
0 1 6 13 1 19
25 12 8 11 40 59
8 19 3 32 40 59
17 1 33 3 20 39
20 9 21 26 40 59
0 1 17 2 1 19
17 1 20 16 20 39
12 6 10 22 20 39
12 8 6 19 41 59
20 11 12 21 40 59
45 7 32 2 60 79
32 22 46 26 60 79
4 33 14 25 80 99
22 30 6 32 60 79
6 28 19 24 41 59
0 20 15 17 20 39
11 23 2 32 60 79
0 1 17 0 1 19
12 37 13 20 80 99
6 32 10 46 60 79
11 33 26 30 60 79
0 1 16 3 1 19
26 39 19 28 80 99
11 17 6 30 60 79
0 18 13 13 20 39
17 1 30 6 20 39
27 2 27 20 80 99
1 19 1 1 20 39
18 31 5 26 80 99
11 27 1 20 81 99
0 1 12 7 1 19
12 6 6 18 20 39
0 1 11 8 1 19
15 16 18 31 80 99
25 12 40 15 80 99
0 1 11 8 1 19
11 7 11 25 20 39
21 18 8 13 40 59
7 11 21 7 20 39
0 1 15 4 1 19
2 25 14 31 40 59
15 8 11 22 40 59
27 0 37 8 40 59
37 7 28 16 60 79
0 2 4 15 2 19
16 2 33 3 20 39
2 19 7 7 21 39
9 11 0 2 20 39
29 8 26 23 40 59
30 33 44 29 80 99
0 1 15 4 1 19
3 15 8 28 20 39
9 20 19 12 80 99
32 23 27 11 61 79
27 12 42 9 80 99
0 1 7 12 1 19
0 1 9 10 1 19
1 24 11 32 40 59
28 26 41 31 60 79
7 13 20 8 20 39
1 19 2 2 20 39
0 1 4 15 1 19
1 18 10 10 61 79
0 1 17 2 1 19
22 15 39 16 40 59
41 29 51 22 81 99
15 6 15 23 21 39
0 1 14 5 1 19
10 25 26 26 61 79
19 16 19 34 40 59
11 18 22 25 80 99
31 11 43 5 60 79
0 1 1 18 1 19
0 1 15 4 1 19
0 17 5 4 40 59
0 1 14 5 1 19
20 7 32 13 40 59
5 13 6 30 20 39
0 1 11 8 1 19
30 21 40 29 80 99
1 19 18 18 20 39
0 1 7 12 1 19
8 25 17 34 40 59
14 3 14 20 21 39
6 14 21 17 20 39
0 1 2 17 1 19
5 13 17 7 60 79
42 7 34 17 80 99
15 50 32 49 80 99
0 1 5 14 1 19
20 15 32 21 40 59
11 7 18 18 20 39
26 20 40 16 60 79
0 1 16 3 1 19
1 17 11 9 20 39
0 1 6 13 1 19
17 6 9 16 80 99
8 27 3 14 40 59
4 16 13 7 20 39
14 9 0 13 80 99
4 31 1 46 80 99
12 44 11 27 60 79
0 18 7 29 20 39
22 32 15 43 60 79
13 7 17 21 20 39
0 1 1 18 1 19
11 7 7 20 81 99
21 28 13 18 80 99
14 32 29 35 60 79
17 3 23 15 20 39
22 41 27 54 80 99
25 12 30 25 40 59
11 26 18 15 80 99
7 13 6 30 20 39
20 15 12 5 40 59
15 6 27 1 21 39
4 14 21 15 60 79
11 28 24 33 40 59
7 11 20 6 20 39
16 21 4 15 40 59
0 1 0 19 1 19
24 20 30 32 60 79
32 8 37 21 60 79
0 1 17 2 1 19
27 2 31 16 40 59
16 21 6 13 40 59
18 36 4 32 60 79
0 1 10 9 1 19
8 13 23 10 80 99
20 24 25 11 60 79
0 1 6 13 1 19
1 24 3 8 80 99
2 9 8 21 40 59
0 2 2 18 60 79
18 19 20 35 40 59
41 30 24 29 80 99
3 15 16 20 20 39
0 15 6 3 40 59
13 22 20 11 80 99
2 18 15 23 20 39
0 1 17 0 1 19
26 32 34 42 60 79
23 10 31 0 80 99
47 5 55 15 60 79
0 1 17 2 1 19
0 2 7 12 2 19
6 17 13 6 40 59
22 15 27 2 80 99
25 12 31 24 40 59
8 19 20 25 40 59
11 9 16 22 20 39
1 17 12 24 20 39
30 26 13 25 60 79
0 1 1 18 1 19
0 1 6 13 1 19
16 15 4 9 80 99
6 2 8 18 60 79
14 6 8 18 20 39
10 10 0 18 20 39
11 7 24 2 20 39
19 2 15 15 61 79
2 18 7 5 20 39
26 12 30 25 41 59
14 19 20 31 40 59
0 1 7 12 1 19
0 2 3 16 2 19
0 1 7 12 1 19
26 9 28 25 40 59
11 24 26 21 40 59
5 15 18 20 20 39
6 20 17 13 60 79
6 14 20 18 60 79
23 10 22 27 80 99
0 1 14 5 1 19
24 1 24 19 40 59
19 7 11 17 60 79
16 2 8 12 60 79
19 32 13 20 80 99
9 10 6 25 40 59
48 13 63 16 80 99
16 28 22 40 60 79
0 1 4 15 1 19
15 24 31 22 40 59
23 14 38 11 40 59
17 4 0 3 40 59
6 29 10 15 40 59
6 31 22 33 40 59
14 5 17 19 21 39
3 24 11 34 80 99
6 26 21 29 60 79
0 1 15 4 1 19
0 1 7 12 1 19
17 1 26 10 20 39
12 6 27 3 60 79
0 20 8 10 20 39
0 1 8 11 1 19
11 9 20 18 20 39
13 14 16 29 40 59
15 10 19 24 40 59
17 20 12 7 40 59
20 9 32 14 61 79
35 36 39 50 80 99
8 19 19 12 80 99
19 3 19 20 81 99
0 1 17 0 1 19
23 25 38 22 60 79
26 12 11 9 60 79
0 1 13 6 1 19
0 1 11 8 1 19
19 25 32 30 60 79
0 1 6 13 1 19
6 14 20 18 20 39
19 16 31 10 40 59
5 23 18 18 60 79
6 31 22 33 40 59
0 1 14 5 1 19
0 1 2 17 1 19
28 14 28 32 60 79
19 0 13 11 61 79
25 12 24 29 80 99
31 17 14 16 60 79
31 25 40 16 60 79
37 30 47 22 80 99
15 42 23 32 80 99
26 29 38 23 80 99
4 14 20 12 20 39
0 1 0 19 1 19
14 22 30 20 60 79
20 19 5 22 40 59
0 1 17 0 1 19
0 2 14 5 2 19
27 33 19 42 81 99
27 12 27 29 61 79
34 43 37 28 80 99
6 14 6 32 20 39
38 35 38 17 80 99
4 16 12 6 20 39
12 7 26 11 40 59
24 47 31 58 80 99
15 28 25 36 80 99
7 11 11 25 60 79
5 15 17 9 20 39
23 16 9 20 40 59
18 17 10 7 80 99
37 20 51 16 80 99
12 8 3 17 20 39
25 46 40 43 80 99
0 1 5 14 1 19
16 4 30 8 60 79
4 16 11 5 20 39
0 1 3 16 1 19
14 4 2 10 20 39
15 3 19 17 20 39
31 25 43 31 60 79
43 4 59 6 80 99
17 10 32 7 40 59
0 1 3 16 1 19
33 2 16 3 40 59
14 6 8 18 20 39
33 2 47 6 40 59
22 10 38 11 81 99
17 3 32 0 20 39
5 5 21 3 60 79
21 27 29 17 60 79
17 23 1 25 60 79
3 31 13 23 60 79
6 42 15 51 60 79
11 10 28 11 40 59
24 20 15 29 60 79
19 18 27 28 40 59
32 31 38 19 80 99
8 12 22 8 60 79
18 17 13 30 40 59
19 19 18 36 60 79
3 19 19 20 41 59
0 1 13 6 1 19
13 7 30 8 20 39
6 31 2 17 40 59
17 20 18 37 40 59
46 27 49 12 80 99
0 1 14 5 1 19
30 24 13 23 60 79
19 18 31 24 40 59
15 18 6 27 40 59
0 1 15 4 1 19
18 17 7 10 40 59
32 13 42 6 61 79
1 10 13 4 80 99
12 22 19 33 60 79
34 43 23 36 80 99
8 4 11 18 41 59
7 11 6 28 20 39
15 5 8 16 20 39
20 11 20 29 80 99
10 8 16 20 20 39
0 1 5 14 1 19
7 11 17 3 20 39
1 19 4 34 20 39
0 1 13 6 1 19
16 16 23 26 41 59
3 15 14 8 60 79
10 9 10 27 80 99
0 1 1 18 1 19
6 11 13 1 21 39
12 6 25 11 20 39
6 14 22 16 20 39
29 36 17 42 80 99
21 16 37 18 80 99
26 27 41 24 80 99
0 1 1 18 1 19
6 12 23 13 20 39
6 14 14 24 20 39
3 15 19 17 20 39
14 4 12 20 20 39
20 34 4 32 60 79
9 9 13 23 20 39
13 29 13 47 60 79
15 3 20 16 20 39
9 19 22 14 60 79
0 1 6 13 1 19
5 13 20 10 60 79
25 25 41 27 60 79
31 0 19 6 40 59
30 7 32 23 40 59
0 1 7 12 1 19
0 1 12 7 1 19
6 12 15 3 20 39
1 1 5 14 41 59
7 12 17 20 80 99
7 13 1 25 20 39
0 18 11 11 20 39
31 23 38 34 60 79
8 15 6 31 40 59
4 14 7 29 60 79
26 22 9 21 60 79
4 16 15 9 20 39
0 2 12 7 2 19
0 1 2 17 1 19
57 11 67 4 81 99
13 7 25 13 60 79
20 19 29 28 80 99
7 28 19 34 80 99
13 22 26 27 40 59
16 23 30 27 40 59
6 33 6 51 80 99
1 1 6 13 2 19
17 1 15 17 20 39
13 24 26 19 80 99
47 5 57 13 60 79
24 34 34 42 60 79
0 1 5 14 1 19
32 14 48 12 60 79
6 26 12 38 60 79
7 14 19 9 21 39
2 17 9 28 80 99
40 23 40 5 80 99
3 15 8 28 20 39
19 10 5 14 40 59
9 8 8 24 21 39
0 1 13 6 1 19
0 1 3 16 1 19
0 1 4 15 1 19
9 9 24 6 20 39
21 31 36 34 60 79
0 1 12 7 1 19
15 3 19 17 20 39
0 1 3 16 1 19
13 12 22 3 80 99
32 13 36 27 80 99
29 18 41 24 80 99
9 20 23 23 61 79
20 30 16 16 60 79
16 13 29 18 40 59
29 17 19 9 60 79
29 10 26 25 80 99
0 1 9 10 1 19
8 12 25 13 20 39
2 16 15 11 20 39
1 1 11 8 2 19
27 27 29 11 60 79
49 10 66 11 80 99
15 17 21 29 60 79
0 1 0 19 1 19
8 10 8 28 20 39
5 15 9 29 20 39
16 2 29 7 20 39
0 1 4 15 1 19
0 1 12 7 1 19
6 28 12 39 81 99
6 12 2 26 20 39
0 1 6 13 1 19
8 27 4 13 40 59
15 3 19 17 20 39
38 12 37 29 60 79
15 3 18 18 20 39
21 4 16 17 80 99
4 35 12 45 40 59
36 33 52 31 80 99
11 7 28 8 20 39
30 9 31 26 80 99
0 1 7 12 1 19
32 1 34 17 40 59
1 1 11 8 2 19
0 2 7 13 60 79
1 0 18 1 40 59
0 1 15 4 1 19
30 7 47 6 40 59
7 13 11 27 20 39
12 4 1 11 60 79
21 8 23 24 40 59
19 33 24 46 60 79
13 5 27 1 20 39
17 33 5 39 60 79
18 19 16 3 40 59
14 15 3 22 80 99
