800 1000 100 300 25 25000
654 114 25 759 4506 9792
228 142 754 104 11087 23786
558 89 604 432 520 1397
95 223 238 517 9863 10734
574 203 733 665 11490 21039
429 225 459 603 4557 5071
777 825 163 714 6924 13223
284 159 220 980 5514 8073
94 389 99 367 5635 15553
270 826 44 747 7527 16617
127 996 387 80 9044 15023
643 633 370 591 3150 15008
71 46 677 233 4741 6841
238 887 103 389 4554 12615
650 854 373 166 6065 12850
214 686 273 718 11199 21907
73 623 650 175 8751 21722
250 167 473 388 4422 15351
704 570 224 701 5313 6840
234 841 32 824 5168 11959
274 67 216 935 9292 21980
322 217 671 511 6482 17657
469 146 271 142 4040 16447
574 551 269 764 9577 17114
597 408 370 224 2266 11025
505 93 773 48 1796 4613
642 163 696 432 9771 11134
394 390 610 479 8669 13093
566 881 11 696 11808 14424
698 906 549 768 4371 15159
348 114 300 445 2591 10403
3 976 739 896 11791 16922
512 780 182 519 1743 12578
305 861 654 519 9977 13926
156 382 780 165 8837 18367
0 613 331 500 319 2595
371 899 314 245 949 5606
580 969 80 87 11991 21335
70 778 545 784 2060 4644
675 486 562 169 4342 13417
621 433 216 951 8835 22132
747 706 205 730 5107 12210
687 665 382 448 8479 16398
123 253 230 65 5539 6178
602 567 235 602 3608 4127
72 724 646 60 3750 6092
32 880 338 72 8423 13436
285 685 497 219 8834 11679
740 957 584 590 7744 12248
484 826 416 194 1545 3833
674 441 362 433 6735 14706
746 55 689 669 10587 12870
62 412 745 347 1790 6611
196 194 549 459 2296 9826
187 285 473 255 1235 8811
563 100 51 667 8856 10176
95 948 771 869 3872 7351
416 497 492 218 6570 7885
168 388 2 399 4345 11976
292 433 713 980 11968 22041
677 735 498 158 3111 8728
222 991 59 593 12054 21498
62 765 321 58 821 11358
488 514 543 161 931 9659
82 871 190 70 9749 11771
691 882 240 413 1964 12217
252 592 608 40 10147 12398
429 673 597 578 8565 14011
267 209 685 733 5147 9999
271 405 134 687 10575 15909
468 323 769 958 1188 2276
469 636 576 102 1200 10649
218 518 271 135 5718 7281
250 378 291 161 7179 16337
720 309 626 826 10714 19991
8 683 567 306 10868 13501
137 270 118 911 1753 14576
566 159 278 288 9909 13776
734 351 208 703 10391 15594
517 500 257 927 832 3031
649 433 283 45 58 6276
789 133 652 268 2647 15063
452 564 722 437 9189 9744
114 77 707 925 2442 12821
36 854 378 596 9052 12078
440 130 42 315 5974 7210
366 215 698 255 10927 12983
362 798 573 905 6658 17144
767 158 242 885 2662 6814
422 25 183 754 5442 13155
685 884 752 830 4065 8557
163 806 718 110 6267 8152
481 227 204 836 7541 14155
312 840 233 228 387 11891
197 408 336 285 1137 5972
359 656 521 409 11133 20327
339 961 28 118 4279 8358
594 985 271 39 1776 12819
444 353 746 805 5139 13042
620 523 118 394 9446 13191
260 45 725 446 27 9411
551 703 736 962 12156 24675
686 201 372 441 1146 12582
338 638 321 679 2041 13891
307 519 316 682 6691 12207
412 713 302 567 2085 5484
430 680 388 693 12257 15163
630 582 308 415 8977 9472
311 293 215 440 9502 19684
670 329 476 452 7244 18630
218 523 484 812 12057 15392
674 86 290 527 10876 22071
634 343 95 838 12306 17188
688 317 230 825 3262 6642
25 47 250 486 10015 11872
466 424 644 589 3185 15297
713 393 506 409 3997 6637
671 704 5 914 12303 14925
797 435 224 180 11401 20715
475 51 570 255 1988 9765
136 820 475 683 8702 18335
609 324 773 912 7251 18040
736 913 516 436 8976 16978
162 761 486 460 4246 17188
253 860 652 283 8540 17455
641 244 281 450 1269 13525
292 240 278 343 5238 14204
82 141 154 236 6275 17811
156 723 219 65 6797 14196
338 555 477 425 1020 4677
430 398 788 598 11395 12273
783 589 389 488 96 6354
305 771 399 873 6865 15879
765 752 559 819 9883 13769
499 224 279 446 7956 8873
398 344 684 695 6624 19125
169 860 478 941 2091 12676
546 27 403 606 9246 20830
27 85 658 438 2223 10771
186 51 266 388 5363 9247
465 334 345 779 6211 11334
770 974 431 258 1341 10101
19 767 552 53 5733 10653
665 70 799 980 10678 12381
772 31 253 204 333 11204
156 244 129 484 10968 13109
577 970 223 476 11460 16506
785 377 171 620 9949 23060
735 117 796 838 2683 8561
110 592 26 951 5111 14987
693 929 384 406 11714 15795
77 606 707 850 10276 15128
104 713 791 308 11210 22139
123 815 579 801 672 6830
545 438 677 379 1129 9609
663 349 12 869 6882 16084
108 443 370 650 7532 19589
156 445 180 751 8548 19535
276 630 551 793 7921 15975
446 845 748 606 4397 10218
251 850 88 285 7385 12108
768 475 583 624 10947 17490
344 29 506 871 5325 9308
499 217 363 816 4232 10543
286 901 610 718 4526 14139
10 529 195 87 3954 16378
416 500 568 776 3937 15679
487 661 728 502 7342 8024
95 301 226 414 11334 15564
313 679 595 377 7753 17405
543 352 435 763 9017 14955
360 719 464 277 5023 9687
236 123 738 197 5169 7703
760 548 780 706 3033 6349
221 756 495 283 11871 22277
778 537 611 289 1647 5242
303 232 369 183 4952 5298
725 546 129 280 745 2500
566 299 714 966 2068 13333
770 502 105 893 200 10661
291 480 490 451 5582 8830
52 258 489 116 1070 8214
503 75 590 644 11246 12780
155 152 576 971 4978 7613
254 121 571 782 6818 17729
610 809 633 231 8561 15394
461 930 453 304 9642 17301
312 582 635 61 9988 22957
101 970 781 212 10248 15143
270 676 83 160 3929 7479
565 76 160 2 6693 14553
705 608 481 298 534 4860
295 723 289 719 7438 8614
703 239 270 806 10240 20903
677 823 202 435 1880 11665
230 663 152 930 4352 7027
73 61 169 811 5039 15634
766 844 582 943 4728 12206
127 479 705 311 11464 18804
278 512 552 505 7172 8770
612 40 442 752 5280 16053
256 26 93 234 11047 20842
601 973 21 783 11014 16199
590 41 781 774 2870 11502
531 667 452 938 4557 7880
599 446 650 833 8056 9988
481 356 418 341 5260 16317
107 878 164 337 6744 18707
507 295 678 967 6561 19864
563 37 465 90 5153 9439
331 118 791 413 8431 9204
673 890 555 473 6770 8193
192 530 370 637 12393 20845
640 452 778 52 3335 8248
562 134 294 448 11440 19963
124 29 645 623 3920 16664
162 318 564 14 9048 16438
95 230 116 472 1924 12799
157 510 733 298 8337 20682
279 425 494 483 3993 11749
564 148 392 195 9820 18366
764 900 139 884 1143 6310
791 808 424 348 8318 13522
2 289 743 305 9616 19874
675 501 152 457 8824 17326
353 340 565 781 8903 15736
466 955 329 890 3090 14719
244 585 392 239 6730 7939
325 762 484 722 6246 12770
679 811 667 155 8115 9389
129 514 604 339 1644 9507
102 538 467 15 11836 15085
419 891 670 993 2529 4107
480 800 271 346 10211 22223
407 665 82 872 5383 16963
546 389 324 641 11775 24691
499 893 554 36 10116 12149
240 646 700 943 4708 9192
764 92 444 100 12457 23168
720 893 102 454 2725 15152
306 925 29 47 5314 7388
300 367 383 441 2385 6542
543 421 579 698 2950 6048
179 80 624 891 6267 17676
699 246 509 934 9554 12776
237 472 653 260 7529 12340
682 9 476 922 4712 16932
559 161 75 452 5661 16062
306 654 434 706 4097 11761
309 203 393 873 7916 10417
242 390 585 367 9417 14630
716 302 22 849 10784 18509
281 8 579 885 11236 24611
50 932 620 763 8138 13566
794 818 235 621 5772 10116
651 194 635 256 11104 23561
738 785 675 697 2240 12684
99 925 642 661 645 6513
451 34 593 373 11998 14632
92 931 302 334 12246 19860
179 205 135 805 8837 15475
543 513 279 850 2695 7506
493 990 302 764 5549 7852
479 986 77 144 12356 17296
692 741 690 406 9131 15460
92 809 404 14 4332 14230
126 465 377 688 12271 23760
268 598 390 842 10461 16913
110 691 239 482 410 10898
574 335 624 226 10611 11805
650 843 475 931 11486 16700
664 418 119 143 742 2171
311 504 118 99 3846 13251
138 397 464 379 10985 23504
713 968 553 429 9622 22482
744 158 424 670 1622 10471
630 417 286 33 11309 18107
222 454 455 973 3868 10562
101 702 376 557 10564 16860
62 407 282 194 2001 9884
93 678 217 657 10477 20405
21 51 341 249 2063 11831
210 70 783 567 3394 14071
221 832 238 336 2417 12694
2 283 148 133 8850 13252
178 112 676 887 422 3854
15 366 243 602 5304 6026
178 271 53 129 12152 19316
538 116 763 65 7802 15422
796 370 525 607 1786 9699
515 226 629 44 11915 23006
533 308 469 658 510 1920
490 867 411 436 11241 13519
502 729 454 75 1323 7302
622 151 67 129 4505 15310
648 599 561 729 5327 11784
611 543 301 464 8282 18590
440 101 718 117 10726 21684
787 564 738 886 3522 10939
462 909 233 423 5553 13698
